---BINGO---

Generando cartón del jugador 1...
Generando cartón del jugador 2...

Carton jugador 1 a continuación:

--------------
58 22 88 72 81 |
09 68 17 57 24 |
15 30 42 23 43 |
--------------

Carton jugador 2 a continuación:

--------------
60 71 66 75 03 |
13 45 76 10 83 |
41 54 50 63 51 |
--------------

Comienza el juego...

Salió el número 31

--------------
58 22 88 72 81 |
09 68 17 57 24 |
15 30 42 23 43 |
--------------


--------------
60 71 66 75 03 |
13 45 76 10 83 |
41 54 50 63 51 |
--------------

Salió el número 53

--------------
58 22 88 72 81 |
09 68 17 57 24 |
15 30 42 23 43 |
--------------


--------------
60 71 66 75 03 |
13 45 76 10 83 |
41 54 50 63 51 |
--------------

Salió el número 60

--------------
58 22 88 72 81 |
09 68 17 57 24 |
15 30 42 23 43 |
--------------


--------------
00 71 66 75 03 |
13 45 76 10 83 |
41 54 50 63 51 |
--------------

Salió el número 9

--------------
58 22 88 72 81 |
00 68 17 57 24 |
15 30 42 23 43 |
--------------


--------------
00 71 66 75 03 |
13 45 76 10 83 |
41 54 50 63 51 |
--------------

Salió el número 70

--------------
58 22 88 72 81 |
00 68 17 57 24 |
15 30 42 23 43 |
--------------


--------------
00 71 66 75 03 |
13 45 76 10 83 |
41 54 50 63 51 |
--------------

Salió el número 27

--------------
58 22 88 72 81 |
00 68 17 57 24 |
15 30 42 23 43 |
--------------


--------------
00 71 66 75 03 |
13 45 76 10 83 |
41 54 50 63 51 |
--------------

Salió el número 32

--------------
58 22 88 72 81 |
00 68 17 57 24 |
15 30 42 23 43 |
--------------


--------------
00 71 66 75 03 |
13 45 76 10 83 |
41 54 50 63 51 |
--------------

Salió el número 84

--------------
58 22 88 72 81 |
00 68 17 57 24 |
15 30 42 23 43 |
--------------


--------------
00 71 66 75 03 |
13 45 76 10 83 |
41 54 50 63 51 |
--------------

Salió el número 43

--------------
58 22 88 72 81 |
00 68 17 57 24 |
15 30 42 23 00 |
--------------


--------------
00 71 66 75 03 |
13 45 76 10 83 |
41 54 50 63 51 |
--------------

Salió el número 62

--------------
58 22 88 72 81 |
00 68 17 57 24 |
15 30 42 23 00 |
--------------


--------------
00 71 66 75 03 |
13 45 76 10 83 |
41 54 50 63 51 |
--------------

Salió el número 36

--------------
58 22 88 72 81 |
00 68 17 57 24 |
15 30 42 23 00 |
--------------


--------------
00 71 66 75 03 |
13 45 76 10 83 |
41 54 50 63 51 |
--------------

Salió el número 66

--------------
58 22 88 72 81 |
00 68 17 57 24 |
15 30 42 23 00 |
--------------


--------------
00 71 00 75 03 |
13 45 76 10 83 |
41 54 50 63 51 |
--------------

Salió el número 85

--------------
58 22 88 72 81 |
00 68 17 57 24 |
15 30 42 23 00 |
--------------


--------------
00 71 00 75 03 |
13 45 76 10 83 |
41 54 50 63 51 |
--------------

Salió el número 18

--------------
58 22 88 72 81 |
00 68 17 57 24 |
15 30 42 23 00 |
--------------


--------------
00 71 00 75 03 |
13 45 76 10 83 |
41 54 50 63 51 |
--------------

Salió el número 54

--------------
58 22 88 72 81 |
00 68 17 57 24 |
15 30 42 23 00 |
--------------


--------------
00 71 00 75 03 |
13 45 76 10 83 |
41 00 50 63 51 |
--------------

Salió el número 34

--------------
58 22 88 72 81 |
00 68 17 57 24 |
15 30 42 23 00 |
--------------


--------------
00 71 00 75 03 |
13 45 76 10 83 |
41 00 50 63 51 |
--------------

Salió el número 83

--------------
58 22 88 72 81 |
00 68 17 57 24 |
15 30 42 23 00 |
--------------


--------------
00 71 00 75 03 |
13 45 76 10 00 |
41 00 50 63 51 |
--------------

Salió el número 38

--------------
58 22 88 72 81 |
00 68 17 57 24 |
15 30 42 23 00 |
--------------


--------------
00 71 00 75 03 |
13 45 76 10 00 |
41 00 50 63 51 |
--------------

Salió el número 6

--------------
58 22 88 72 81 |
00 68 17 57 24 |
15 30 42 23 00 |
--------------


--------------
00 71 00 75 03 |
13 45 76 10 00 |
41 00 50 63 51 |
--------------

Salió el número 23

--------------
58 22 88 72 81 |
00 68 17 57 24 |
15 30 42 00 00 |
--------------


--------------
00 71 00 75 03 |
13 45 76 10 00 |
41 00 50 63 51 |
--------------

Salió el número 81

--------------
58 22 88 72 00 |
00 68 17 57 24 |
15 30 42 00 00 |
--------------


--------------
00 71 00 75 03 |
13 45 76 10 00 |
41 00 50 63 51 |
--------------

Salió el número 33

--------------
58 22 88 72 00 |
00 68 17 57 24 |
15 30 42 00 00 |
--------------


--------------
00 71 00 75 03 |
13 45 76 10 00 |
41 00 50 63 51 |
--------------

Salió el número 73

--------------
58 22 88 72 00 |
00 68 17 57 24 |
15 30 42 00 00 |
--------------


--------------
00 71 00 75 03 |
13 45 76 10 00 |
41 00 50 63 51 |
--------------

Salió el número 87

--------------
58 22 88 72 00 |
00 68 17 57 24 |
15 30 42 00 00 |
--------------


--------------
00 71 00 75 03 |
13 45 76 10 00 |
41 00 50 63 51 |
--------------

Salió el número 5

--------------
58 22 88 72 00 |
00 68 17 57 24 |
15 30 42 00 00 |
--------------


--------------
00 71 00 75 03 |
13 45 76 10 00 |
41 00 50 63 51 |
--------------

Salió el número 48

--------------
58 22 88 72 00 |
00 68 17 57 24 |
15 30 42 00 00 |
--------------


--------------
00 71 00 75 03 |
13 45 76 10 00 |
41 00 50 63 51 |
--------------

Salió el número 63

--------------
58 22 88 72 00 |
00 68 17 57 24 |
15 30 42 00 00 |
--------------


--------------
00 71 00 75 03 |
13 45 76 10 00 |
41 00 50 00 51 |
--------------

Salió el número 57

--------------
58 22 88 72 00 |
00 68 17 00 24 |
15 30 42 00 00 |
--------------


--------------
00 71 00 75 03 |
13 45 76 10 00 |
41 00 50 00 51 |
--------------

Salió el número 17

--------------
58 22 88 72 00 |
00 68 00 00 24 |
15 30 42 00 00 |
--------------


--------------
00 71 00 75 03 |
13 45 76 10 00 |
41 00 50 00 51 |
--------------

Salió el número 71

--------------
58 22 88 72 00 |
00 68 00 00 24 |
15 30 42 00 00 |
--------------


--------------
00 00 00 75 03 |
13 45 76 10 00 |
41 00 50 00 51 |
--------------

Salió el número 37

--------------
58 22 88 72 00 |
00 68 00 00 24 |
15 30 42 00 00 |
--------------


--------------
00 00 00 75 03 |
13 45 76 10 00 |
41 00 50 00 51 |
--------------

Salió el número 44

--------------
58 22 88 72 00 |
00 68 00 00 24 |
15 30 42 00 00 |
--------------


--------------
00 00 00 75 03 |
13 45 76 10 00 |
41 00 50 00 51 |
--------------

Salió el número 13

--------------
58 22 88 72 00 |
00 68 00 00 24 |
15 30 42 00 00 |
--------------


--------------
00 00 00 75 03 |
00 45 76 10 00 |
41 00 50 00 51 |
--------------

Salió el número 86

--------------
58 22 88 72 00 |
00 68 00 00 24 |
15 30 42 00 00 |
--------------


--------------
00 00 00 75 03 |
00 45 76 10 00 |
41 00 50 00 51 |
--------------

Salió el número 74

--------------
58 22 88 72 00 |
00 68 00 00 24 |
15 30 42 00 00 |
--------------


--------------
00 00 00 75 03 |
00 45 76 10 00 |
41 00 50 00 51 |
--------------

Salió el número 61

--------------
58 22 88 72 00 |
00 68 00 00 24 |
15 30 42 00 00 |
--------------


--------------
00 00 00 75 03 |
00 45 76 10 00 |
41 00 50 00 51 |
--------------

Salió el número 68

--------------
58 22 88 72 00 |
00 00 00 00 24 |
15 30 42 00 00 |
--------------


--------------
00 00 00 75 03 |
00 45 76 10 00 |
41 00 50 00 51 |
--------------

Salió el número 29

--------------
58 22 88 72 00 |
00 00 00 00 24 |
15 30 42 00 00 |
--------------


--------------
00 00 00 75 03 |
00 45 76 10 00 |
41 00 50 00 51 |
--------------

Salió el número 79

--------------
58 22 88 72 00 |
00 00 00 00 24 |
15 30 42 00 00 |
--------------


--------------
00 00 00 75 03 |
00 45 76 10 00 |
41 00 50 00 51 |
--------------

Salió el número 7

--------------
58 22 88 72 00 |
00 00 00 00 24 |
15 30 42 00 00 |
--------------


--------------
00 00 00 75 03 |
00 45 76 10 00 |
41 00 50 00 51 |
--------------

Salió el número 76

--------------
58 22 88 72 00 |
00 00 00 00 24 |
15 30 42 00 00 |
--------------


--------------
00 00 00 75 03 |
00 45 00 10 00 |
41 00 50 00 51 |
--------------

Salió el número 3

--------------
58 22 88 72 00 |
00 00 00 00 24 |
15 30 42 00 00 |
--------------


--------------
00 00 00 75 00 |
00 45 00 10 00 |
41 00 50 00 51 |
--------------

Salió el número 88

--------------
58 22 00 72 00 |
00 00 00 00 24 |
15 30 42 00 00 |
--------------


--------------
00 00 00 75 00 |
00 45 00 10 00 |
41 00 50 00 51 |
--------------

Salió el número 67

--------------
58 22 00 72 00 |
00 00 00 00 24 |
15 30 42 00 00 |
--------------


--------------
00 00 00 75 00 |
00 45 00 10 00 |
41 00 50 00 51 |
--------------

Salió el número 12

--------------
58 22 00 72 00 |
00 00 00 00 24 |
15 30 42 00 00 |
--------------


--------------
00 00 00 75 00 |
00 45 00 10 00 |
41 00 50 00 51 |
--------------

Salió el número 75

--------------
58 22 00 72 00 |
00 00 00 00 24 |
15 30 42 00 00 |
--------------


--------------
00 00 00 00 00 |
00 45 00 10 00 |
41 00 50 00 51 |
--------------

Salió el número 56

--------------
58 22 00 72 00 |
00 00 00 00 24 |
15 30 42 00 00 |
--------------


--------------
00 00 00 00 00 |
00 45 00 10 00 |
41 00 50 00 51 |
--------------

Salió el número 16

--------------
58 22 00 72 00 |
00 00 00 00 24 |
15 30 42 00 00 |
--------------


--------------
00 00 00 00 00 |
00 45 00 10 00 |
41 00 50 00 51 |
--------------

Salió el número 49

--------------
58 22 00 72 00 |
00 00 00 00 24 |
15 30 42 00 00 |
--------------


--------------
00 00 00 00 00 |
00 45 00 10 00 |
41 00 50 00 51 |
--------------

Salió el número 47

--------------
58 22 00 72 00 |
00 00 00 00 24 |
15 30 42 00 00 |
--------------


--------------
00 00 00 00 00 |
00 45 00 10 00 |
41 00 50 00 51 |
--------------

Salió el número 45

--------------
58 22 00 72 00 |
00 00 00 00 24 |
15 30 42 00 00 |
--------------


--------------
00 00 00 00 00 |
00 00 00 10 00 |
41 00 50 00 51 |
--------------

Salió el número 51

--------------
58 22 00 72 00 |
00 00 00 00 24 |
15 30 42 00 00 |
--------------


--------------
00 00 00 00 00 |
00 00 00 10 00 |
41 00 50 00 00 |
--------------

Salió el número 22

--------------
58 00 00 72 00 |
00 00 00 00 24 |
15 30 42 00 00 |
--------------


--------------
00 00 00 00 00 |
00 00 00 10 00 |
41 00 50 00 00 |
--------------

Salió el número 50

--------------
58 00 00 72 00 |
00 00 00 00 24 |
15 30 42 00 00 |
--------------


--------------
00 00 00 00 00 |
00 00 00 10 00 |
41 00 00 00 00 |
--------------

Salió el número 4

--------------
58 00 00 72 00 |
00 00 00 00 24 |
15 30 42 00 00 |
--------------


--------------
00 00 00 00 00 |
00 00 00 10 00 |
41 00 00 00 00 |
--------------

Salió el número 40

--------------
58 00 00 72 00 |
00 00 00 00 24 |
15 30 42 00 00 |
--------------


--------------
00 00 00 00 00 |
00 00 00 10 00 |
41 00 00 00 00 |
--------------

Salió el número 28

--------------
58 00 00 72 00 |
00 00 00 00 24 |
15 30 42 00 00 |
--------------


--------------
00 00 00 00 00 |
00 00 00 10 00 |
41 00 00 00 00 |
--------------

Salió el número 26

--------------
58 00 00 72 00 |
00 00 00 00 24 |
15 30 42 00 00 |
--------------


--------------
00 00 00 00 00 |
00 00 00 10 00 |
41 00 00 00 00 |
--------------

Salió el número 78

--------------
58 00 00 72 00 |
00 00 00 00 24 |
15 30 42 00 00 |
--------------


--------------
00 00 00 00 00 |
00 00 00 10 00 |
41 00 00 00 00 |
--------------

Salió el número 46

--------------
58 00 00 72 00 |
00 00 00 00 24 |
15 30 42 00 00 |
--------------


--------------
00 00 00 00 00 |
00 00 00 10 00 |
41 00 00 00 00 |
--------------

Salió el número 19

--------------
58 00 00 72 00 |
00 00 00 00 24 |
15 30 42 00 00 |
--------------


--------------
00 00 00 00 00 |
00 00 00 10 00 |
41 00 00 00 00 |
--------------

Salió el número 58

--------------
00 00 00 72 00 |
00 00 00 00 24 |
15 30 42 00 00 |
--------------


--------------
00 00 00 00 00 |
00 00 00 10 00 |
41 00 00 00 00 |
--------------

Salió el número 8

--------------
00 00 00 72 00 |
00 00 00 00 24 |
15 30 42 00 00 |
--------------


--------------
00 00 00 00 00 |
00 00 00 10 00 |
41 00 00 00 00 |
--------------

Salió el número 14

--------------
00 00 00 72 00 |
00 00 00 00 24 |
15 30 42 00 00 |
--------------


--------------
00 00 00 00 00 |
00 00 00 10 00 |
41 00 00 00 00 |
--------------

Salió el número 25

--------------
00 00 00 72 00 |
00 00 00 00 24 |
15 30 42 00 00 |
--------------


--------------
00 00 00 00 00 |
00 00 00 10 00 |
41 00 00 00 00 |
--------------

Salió el número 21

--------------
00 00 00 72 00 |
00 00 00 00 24 |
15 30 42 00 00 |
--------------


--------------
00 00 00 00 00 |
00 00 00 10 00 |
41 00 00 00 00 |
--------------

Salió el número 65

--------------
00 00 00 72 00 |
00 00 00 00 24 |
15 30 42 00 00 |
--------------


--------------
00 00 00 00 00 |
00 00 00 10 00 |
41 00 00 00 00 |
--------------

Salió el número 82

--------------
00 00 00 72 00 |
00 00 00 00 24 |
15 30 42 00 00 |
--------------


--------------
00 00 00 00 00 |
00 00 00 10 00 |
41 00 00 00 00 |
--------------

Salió el número 41

--------------
00 00 00 72 00 |
00 00 00 00 24 |
15 30 42 00 00 |
--------------


--------------
00 00 00 00 00 |
00 00 00 10 00 |
00 00 00 00 00 |
--------------

Salió el número 90

--------------
00 00 00 72 00 |
00 00 00 00 24 |
15 30 42 00 00 |
--------------


--------------
00 00 00 00 00 |
00 00 00 10 00 |
00 00 00 00 00 |
--------------

Salió el número 2

--------------
00 00 00 72 00 |
00 00 00 00 24 |
15 30 42 00 00 |
--------------


--------------
00 00 00 00 00 |
00 00 00 10 00 |
00 00 00 00 00 |
--------------

Salió el número 89

--------------
00 00 00 72 00 |
00 00 00 00 24 |
15 30 42 00 00 |
--------------


--------------
00 00 00 00 00 |
00 00 00 10 00 |
00 00 00 00 00 |
--------------

Salió el número 80

--------------
00 00 00 72 00 |
00 00 00 00 24 |
15 30 42 00 00 |
--------------


--------------
00 00 00 00 00 |
00 00 00 10 00 |
00 00 00 00 00 |
--------------

Salió el número 30

--------------
00 00 00 72 00 |
00 00 00 00 24 |
15 00 42 00 00 |
--------------


--------------
00 00 00 00 00 |
00 00 00 10 00 |
00 00 00 00 00 |
--------------

Salió el número 42

--------------
00 00 00 72 00 |
00 00 00 00 24 |
15 00 00 00 00 |
--------------


--------------
00 00 00 00 00 |
00 00 00 10 00 |
00 00 00 00 00 |
--------------

Salió el número 64

--------------
00 00 00 72 00 |
00 00 00 00 24 |
15 00 00 00 00 |
--------------


--------------
00 00 00 00 00 |
00 00 00 10 00 |
00 00 00 00 00 |
--------------

Salió el número 10

--------------
00 00 00 72 00 |
00 00 00 00 24 |
15 00 00 00 00 |
--------------


--------------
00 00 00 00 00 |
00 00 00 00 00 |
00 00 00 00 00 |
--------------

Ganador: jugador 2
