---BINGO---

Cartón del jugador 1:

--------------
36 80 72 16 19 |
13 02 64 89 50 |
46 85 43 59 53 |
--------------

Cartón del jugador 2:

--------------
23 07 19 26 88 |
67 29 37 79 17 |
20 15 78 45 21 |
--------------

Comienza el juego...

Salió el número 23
Cartón del jugador: 1

--------------
36 80 72 16 19 |
13 02 64 89 50 |
46 85 43 59 53 |
--------------

Cartón del jugador: 2

--------------
00 07 19 26 88 |
67 29 37 79 17 |
20 15 78 45 21 |
--------------

Salió el número 34
Cartón del jugador: 1

--------------
36 80 72 16 19 |
13 02 64 89 50 |
46 85 43 59 53 |
--------------

Cartón del jugador: 2

--------------
00 07 19 26 88 |
67 29 37 79 17 |
20 15 78 45 21 |
--------------

Salió el número 2
Cartón del jugador: 1

--------------
36 80 72 16 19 |
13 00 64 89 50 |
46 85 43 59 53 |
--------------

Cartón del jugador: 2

--------------
00 07 19 26 88 |
67 29 37 79 17 |
20 15 78 45 21 |
--------------

Salió el número 39
Cartón del jugador: 1

--------------
36 80 72 16 19 |
13 00 64 89 50 |
46 85 43 59 53 |
--------------

Cartón del jugador: 2

--------------
00 07 19 26 88 |
67 29 37 79 17 |
20 15 78 45 21 |
--------------

Salió el número 52
Cartón del jugador: 1

--------------
36 80 72 16 19 |
13 00 64 89 50 |
46 85 43 59 53 |
--------------

Cartón del jugador: 2

--------------
00 07 19 26 88 |
67 29 37 79 17 |
20 15 78 45 21 |
--------------

Salió el número 15
Cartón del jugador: 1

--------------
36 80 72 16 19 |
13 00 64 89 50 |
46 85 43 59 53 |
--------------

Cartón del jugador: 2

--------------
00 07 19 26 88 |
67 29 37 79 17 |
20 00 78 45 21 |
--------------

Salió el número 41
Cartón del jugador: 1

--------------
36 80 72 16 19 |
13 00 64 89 50 |
46 85 43 59 53 |
--------------

Cartón del jugador: 2

--------------
00 07 19 26 88 |
67 29 37 79 17 |
20 00 78 45 21 |
--------------

Salió el número 26
Cartón del jugador: 1

--------------
36 80 72 16 19 |
13 00 64 89 50 |
46 85 43 59 53 |
--------------

Cartón del jugador: 2

--------------
00 07 19 00 88 |
67 29 37 79 17 |
20 00 78 45 21 |
--------------

Salió el número 13
Cartón del jugador: 1

--------------
36 80 72 16 19 |
00 00 64 89 50 |
46 85 43 59 53 |
--------------

Cartón del jugador: 2

--------------
00 07 19 00 88 |
67 29 37 79 17 |
20 00 78 45 21 |
--------------

Salió el número 1
Cartón del jugador: 1

--------------
36 80 72 16 19 |
00 00 64 89 50 |
46 85 43 59 53 |
--------------

Cartón del jugador: 2

--------------
00 07 19 00 88 |
67 29 37 79 17 |
20 00 78 45 21 |
--------------

Salió el número 71
Cartón del jugador: 1

--------------
36 80 72 16 19 |
00 00 64 89 50 |
46 85 43 59 53 |
--------------

Cartón del jugador: 2

--------------
00 07 19 00 88 |
67 29 37 79 17 |
20 00 78 45 21 |
--------------

Salió el número 8
Cartón del jugador: 1

--------------
36 80 72 16 19 |
00 00 64 89 50 |
46 85 43 59 53 |
--------------

Cartón del jugador: 2

--------------
00 07 19 00 88 |
67 29 37 79 17 |
20 00 78 45 21 |
--------------

Salió el número 43
Cartón del jugador: 1

--------------
36 80 72 16 19 |
00 00 64 89 50 |
46 85 00 59 53 |
--------------

Cartón del jugador: 2

--------------
00 07 19 00 88 |
67 29 37 79 17 |
20 00 78 45 21 |
--------------

Salió el número 40
Cartón del jugador: 1

--------------
36 80 72 16 19 |
00 00 64 89 50 |
46 85 00 59 53 |
--------------

Cartón del jugador: 2

--------------
00 07 19 00 88 |
67 29 37 79 17 |
20 00 78 45 21 |
--------------

Salió el número 60
Cartón del jugador: 1

--------------
36 80 72 16 19 |
00 00 64 89 50 |
46 85 00 59 53 |
--------------

Cartón del jugador: 2

--------------
00 07 19 00 88 |
67 29 37 79 17 |
20 00 78 45 21 |
--------------

Salió el número 65
Cartón del jugador: 1

--------------
36 80 72 16 19 |
00 00 64 89 50 |
46 85 00 59 53 |
--------------

Cartón del jugador: 2

--------------
00 07 19 00 88 |
67 29 37 79 17 |
20 00 78 45 21 |
--------------

Salió el número 46
Cartón del jugador: 1

--------------
36 80 72 16 19 |
00 00 64 89 50 |
00 85 00 59 53 |
--------------

Cartón del jugador: 2

--------------
00 07 19 00 88 |
67 29 37 79 17 |
20 00 78 45 21 |
--------------

Salió el número 79
Cartón del jugador: 1

--------------
36 80 72 16 19 |
00 00 64 89 50 |
00 85 00 59 53 |
--------------

Cartón del jugador: 2

--------------
00 07 19 00 88 |
67 29 37 00 17 |
20 00 78 45 21 |
--------------

Salió el número 44
Cartón del jugador: 1

--------------
36 80 72 16 19 |
00 00 64 89 50 |
00 85 00 59 53 |
--------------

Cartón del jugador: 2

--------------
00 07 19 00 88 |
67 29 37 00 17 |
20 00 78 45 21 |
--------------

Salió el número 56
Cartón del jugador: 1

--------------
36 80 72 16 19 |
00 00 64 89 50 |
00 85 00 59 53 |
--------------

Cartón del jugador: 2

--------------
00 07 19 00 88 |
67 29 37 00 17 |
20 00 78 45 21 |
--------------

Salió el número 29
Cartón del jugador: 1

--------------
36 80 72 16 19 |
00 00 64 89 50 |
00 85 00 59 53 |
--------------

Cartón del jugador: 2

--------------
00 07 19 00 88 |
67 00 37 00 17 |
20 00 78 45 21 |
--------------

Salió el número 72
Cartón del jugador: 1

--------------
36 80 00 16 19 |
00 00 64 89 50 |
00 85 00 59 53 |
--------------

Cartón del jugador: 2

--------------
00 07 19 00 88 |
67 00 37 00 17 |
20 00 78 45 21 |
--------------

Salió el número 18
Cartón del jugador: 1

--------------
36 80 00 16 19 |
00 00 64 89 50 |
00 85 00 59 53 |
--------------

Cartón del jugador: 2

--------------
00 07 19 00 88 |
67 00 37 00 17 |
20 00 78 45 21 |
--------------

Salió el número 89
Cartón del jugador: 1

--------------
36 80 00 16 19 |
00 00 64 00 50 |
00 85 00 59 53 |
--------------

Cartón del jugador: 2

--------------
00 07 19 00 88 |
67 00 37 00 17 |
20 00 78 45 21 |
--------------

Salió el número 22
Cartón del jugador: 1

--------------
36 80 00 16 19 |
00 00 64 00 50 |
00 85 00 59 53 |
--------------

Cartón del jugador: 2

--------------
00 07 19 00 88 |
67 00 37 00 17 |
20 00 78 45 21 |
--------------

Salió el número 32
Cartón del jugador: 1

--------------
36 80 00 16 19 |
00 00 64 00 50 |
00 85 00 59 53 |
--------------

Cartón del jugador: 2

--------------
00 07 19 00 88 |
67 00 37 00 17 |
20 00 78 45 21 |
--------------

Salió el número 76
Cartón del jugador: 1

--------------
36 80 00 16 19 |
00 00 64 00 50 |
00 85 00 59 53 |
--------------

Cartón del jugador: 2

--------------
00 07 19 00 88 |
67 00 37 00 17 |
20 00 78 45 21 |
--------------

Salió el número 66
Cartón del jugador: 1

--------------
36 80 00 16 19 |
00 00 64 00 50 |
00 85 00 59 53 |
--------------

Cartón del jugador: 2

--------------
00 07 19 00 88 |
67 00 37 00 17 |
20 00 78 45 21 |
--------------

Salió el número 9
Cartón del jugador: 1

--------------
36 80 00 16 19 |
00 00 64 00 50 |
00 85 00 59 53 |
--------------

Cartón del jugador: 2

--------------
00 07 19 00 88 |
67 00 37 00 17 |
20 00 78 45 21 |
--------------

Salió el número 54
Cartón del jugador: 1

--------------
36 80 00 16 19 |
00 00 64 00 50 |
00 85 00 59 53 |
--------------

Cartón del jugador: 2

--------------
00 07 19 00 88 |
67 00 37 00 17 |
20 00 78 45 21 |
--------------

Salió el número 47
Cartón del jugador: 1

--------------
36 80 00 16 19 |
00 00 64 00 50 |
00 85 00 59 53 |
--------------

Cartón del jugador: 2

--------------
00 07 19 00 88 |
67 00 37 00 17 |
20 00 78 45 21 |
--------------

Salió el número 61
Cartón del jugador: 1

--------------
36 80 00 16 19 |
00 00 64 00 50 |
00 85 00 59 53 |
--------------

Cartón del jugador: 2

--------------
00 07 19 00 88 |
67 00 37 00 17 |
20 00 78 45 21 |
--------------

Salió el número 69
Cartón del jugador: 1

--------------
36 80 00 16 19 |
00 00 64 00 50 |
00 85 00 59 53 |
--------------

Cartón del jugador: 2

--------------
00 07 19 00 88 |
67 00 37 00 17 |
20 00 78 45 21 |
--------------

Salió el número 88
Cartón del jugador: 1

--------------
36 80 00 16 19 |
00 00 64 00 50 |
00 85 00 59 53 |
--------------

Cartón del jugador: 2

--------------
00 07 19 00 00 |
67 00 37 00 17 |
20 00 78 45 21 |
--------------

Salió el número 86
Cartón del jugador: 1

--------------
36 80 00 16 19 |
00 00 64 00 50 |
00 85 00 59 53 |
--------------

Cartón del jugador: 2

--------------
00 07 19 00 00 |
67 00 37 00 17 |
20 00 78 45 21 |
--------------

Salió el número 82
Cartón del jugador: 1

--------------
36 80 00 16 19 |
00 00 64 00 50 |
00 85 00 59 53 |
--------------

Cartón del jugador: 2

--------------
00 07 19 00 00 |
67 00 37 00 17 |
20 00 78 45 21 |
--------------

Salió el número 67
Cartón del jugador: 1

--------------
36 80 00 16 19 |
00 00 64 00 50 |
00 85 00 59 53 |
--------------

Cartón del jugador: 2

--------------
00 07 19 00 00 |
00 00 37 00 17 |
20 00 78 45 21 |
--------------

Salió el número 16
Cartón del jugador: 1

--------------
36 80 00 00 19 |
00 00 64 00 50 |
00 85 00 59 53 |
--------------

Cartón del jugador: 2

--------------
00 07 19 00 00 |
00 00 37 00 17 |
20 00 78 45 21 |
--------------

Salió el número 58
Cartón del jugador: 1

--------------
36 80 00 00 19 |
00 00 64 00 50 |
00 85 00 59 53 |
--------------

Cartón del jugador: 2

--------------
00 07 19 00 00 |
00 00 37 00 17 |
20 00 78 45 21 |
--------------

Salió el número 14
Cartón del jugador: 1

--------------
36 80 00 00 19 |
00 00 64 00 50 |
00 85 00 59 53 |
--------------

Cartón del jugador: 2

--------------
00 07 19 00 00 |
00 00 37 00 17 |
20 00 78 45 21 |
--------------

Salió el número 12
Cartón del jugador: 1

--------------
36 80 00 00 19 |
00 00 64 00 50 |
00 85 00 59 53 |
--------------

Cartón del jugador: 2

--------------
00 07 19 00 00 |
00 00 37 00 17 |
20 00 78 45 21 |
--------------

Salió el número 84
Cartón del jugador: 1

--------------
36 80 00 00 19 |
00 00 64 00 50 |
00 85 00 59 53 |
--------------

Cartón del jugador: 2

--------------
00 07 19 00 00 |
00 00 37 00 17 |
20 00 78 45 21 |
--------------

Salió el número 3
Cartón del jugador: 1

--------------
36 80 00 00 19 |
00 00 64 00 50 |
00 85 00 59 53 |
--------------

Cartón del jugador: 2

--------------
00 07 19 00 00 |
00 00 37 00 17 |
20 00 78 45 21 |
--------------

Salió el número 70
Cartón del jugador: 1

--------------
36 80 00 00 19 |
00 00 64 00 50 |
00 85 00 59 53 |
--------------

Cartón del jugador: 2

--------------
00 07 19 00 00 |
00 00 37 00 17 |
20 00 78 45 21 |
--------------

Salió el número 10
Cartón del jugador: 1

--------------
36 80 00 00 19 |
00 00 64 00 50 |
00 85 00 59 53 |
--------------

Cartón del jugador: 2

--------------
00 07 19 00 00 |
00 00 37 00 17 |
20 00 78 45 21 |
--------------

Salió el número 55
Cartón del jugador: 1

--------------
36 80 00 00 19 |
00 00 64 00 50 |
00 85 00 59 53 |
--------------

Cartón del jugador: 2

--------------
00 07 19 00 00 |
00 00 37 00 17 |
20 00 78 45 21 |
--------------

Salió el número 78
Cartón del jugador: 1

--------------
36 80 00 00 19 |
00 00 64 00 50 |
00 85 00 59 53 |
--------------

Cartón del jugador: 2

--------------
00 07 19 00 00 |
00 00 37 00 17 |
20 00 00 45 21 |
--------------

Salió el número 19
Cartón del jugador: 1

--------------
36 80 00 00 00 |
00 00 64 00 50 |
00 85 00 59 53 |
--------------

Cartón del jugador: 2

--------------
00 07 00 00 00 |
00 00 37 00 17 |
20 00 00 45 21 |
--------------

Salió el número 35
Cartón del jugador: 1

--------------
36 80 00 00 00 |
00 00 64 00 50 |
00 85 00 59 53 |
--------------

Cartón del jugador: 2

--------------
00 07 00 00 00 |
00 00 37 00 17 |
20 00 00 45 21 |
--------------

Salió el número 87
Cartón del jugador: 1

--------------
36 80 00 00 00 |
00 00 64 00 50 |
00 85 00 59 53 |
--------------

Cartón del jugador: 2

--------------
00 07 00 00 00 |
00 00 37 00 17 |
20 00 00 45 21 |
--------------

Salió el número 74
Cartón del jugador: 1

--------------
36 80 00 00 00 |
00 00 64 00 50 |
00 85 00 59 53 |
--------------

Cartón del jugador: 2

--------------
00 07 00 00 00 |
00 00 37 00 17 |
20 00 00 45 21 |
--------------

Salió el número 51
Cartón del jugador: 1

--------------
36 80 00 00 00 |
00 00 64 00 50 |
00 85 00 59 53 |
--------------

Cartón del jugador: 2

--------------
00 07 00 00 00 |
00 00 37 00 17 |
20 00 00 45 21 |
--------------

Salió el número 77
Cartón del jugador: 1

--------------
36 80 00 00 00 |
00 00 64 00 50 |
00 85 00 59 53 |
--------------

Cartón del jugador: 2

--------------
00 07 00 00 00 |
00 00 37 00 17 |
20 00 00 45 21 |
--------------

Salió el número 45
Cartón del jugador: 1

--------------
36 80 00 00 00 |
00 00 64 00 50 |
00 85 00 59 53 |
--------------

Cartón del jugador: 2

--------------
00 07 00 00 00 |
00 00 37 00 17 |
20 00 00 00 21 |
--------------

Salió el número 36
Cartón del jugador: 1

--------------
00 80 00 00 00 |
00 00 64 00 50 |
00 85 00 59 53 |
--------------

Cartón del jugador: 2

--------------
00 07 00 00 00 |
00 00 37 00 17 |
20 00 00 00 21 |
--------------

Salió el número 50
Cartón del jugador: 1

--------------
00 80 00 00 00 |
00 00 64 00 00 |
00 85 00 59 53 |
--------------

Cartón del jugador: 2

--------------
00 07 00 00 00 |
00 00 37 00 17 |
20 00 00 00 21 |
--------------

Salió el número 24
Cartón del jugador: 1

--------------
00 80 00 00 00 |
00 00 64 00 00 |
00 85 00 59 53 |
--------------

Cartón del jugador: 2

--------------
00 07 00 00 00 |
00 00 37 00 17 |
20 00 00 00 21 |
--------------

Salió el número 25
Cartón del jugador: 1

--------------
00 80 00 00 00 |
00 00 64 00 00 |
00 85 00 59 53 |
--------------

Cartón del jugador: 2

--------------
00 07 00 00 00 |
00 00 37 00 17 |
20 00 00 00 21 |
--------------

Salió el número 80
Cartón del jugador: 1

--------------
00 00 00 00 00 |
00 00 64 00 00 |
00 85 00 59 53 |
--------------

Cartón del jugador: 2

--------------
00 07 00 00 00 |
00 00 37 00 17 |
20 00 00 00 21 |
--------------

Salió el número 7
Cartón del jugador: 1

--------------
00 00 00 00 00 |
00 00 64 00 00 |
00 85 00 59 53 |
--------------

Cartón del jugador: 2

--------------
00 00 00 00 00 |
00 00 37 00 17 |
20 00 00 00 21 |
--------------

Salió el número 85
Cartón del jugador: 1

--------------
00 00 00 00 00 |
00 00 64 00 00 |
00 00 00 59 53 |
--------------

Cartón del jugador: 2

--------------
00 00 00 00 00 |
00 00 37 00 17 |
20 00 00 00 21 |
--------------

Salió el número 73
Cartón del jugador: 1

--------------
00 00 00 00 00 |
00 00 64 00 00 |
00 00 00 59 53 |
--------------

Cartón del jugador: 2

--------------
00 00 00 00 00 |
00 00 37 00 17 |
20 00 00 00 21 |
--------------

Salió el número 4
Cartón del jugador: 1

--------------
00 00 00 00 00 |
00 00 64 00 00 |
00 00 00 59 53 |
--------------

Cartón del jugador: 2

--------------
00 00 00 00 00 |
00 00 37 00 17 |
20 00 00 00 21 |
--------------

Salió el número 57
Cartón del jugador: 1

--------------
00 00 00 00 00 |
00 00 64 00 00 |
00 00 00 59 53 |
--------------

Cartón del jugador: 2

--------------
00 00 00 00 00 |
00 00 37 00 17 |
20 00 00 00 21 |
--------------

Salió el número 17
Cartón del jugador: 1

--------------
00 00 00 00 00 |
00 00 64 00 00 |
00 00 00 59 53 |
--------------

Cartón del jugador: 2

--------------
00 00 00 00 00 |
00 00 37 00 00 |
20 00 00 00 21 |
--------------

Salió el número 68
Cartón del jugador: 1

--------------
00 00 00 00 00 |
00 00 64 00 00 |
00 00 00 59 53 |
--------------

Cartón del jugador: 2

--------------
00 00 00 00 00 |
00 00 37 00 00 |
20 00 00 00 21 |
--------------

Salió el número 81
Cartón del jugador: 1

--------------
00 00 00 00 00 |
00 00 64 00 00 |
00 00 00 59 53 |
--------------

Cartón del jugador: 2

--------------
00 00 00 00 00 |
00 00 37 00 00 |
20 00 00 00 21 |
--------------

Salió el número 28
Cartón del jugador: 1

--------------
00 00 00 00 00 |
00 00 64 00 00 |
00 00 00 59 53 |
--------------

Cartón del jugador: 2

--------------
00 00 00 00 00 |
00 00 37 00 00 |
20 00 00 00 21 |
--------------

Salió el número 83
Cartón del jugador: 1

--------------
00 00 00 00 00 |
00 00 64 00 00 |
00 00 00 59 53 |
--------------

Cartón del jugador: 2

--------------
00 00 00 00 00 |
00 00 37 00 00 |
20 00 00 00 21 |
--------------

Salió el número 33
Cartón del jugador: 1

--------------
00 00 00 00 00 |
00 00 64 00 00 |
00 00 00 59 53 |
--------------

Cartón del jugador: 2

--------------
00 00 00 00 00 |
00 00 37 00 00 |
20 00 00 00 21 |
--------------

Salió el número 48
Cartón del jugador: 1

--------------
00 00 00 00 00 |
00 00 64 00 00 |
00 00 00 59 53 |
--------------

Cartón del jugador: 2

--------------
00 00 00 00 00 |
00 00 37 00 00 |
20 00 00 00 21 |
--------------

Salió el número 30
Cartón del jugador: 1

--------------
00 00 00 00 00 |
00 00 64 00 00 |
00 00 00 59 53 |
--------------

Cartón del jugador: 2

--------------
00 00 00 00 00 |
00 00 37 00 00 |
20 00 00 00 21 |
--------------

Salió el número 42
Cartón del jugador: 1

--------------
00 00 00 00 00 |
00 00 64 00 00 |
00 00 00 59 53 |
--------------

Cartón del jugador: 2

--------------
00 00 00 00 00 |
00 00 37 00 00 |
20 00 00 00 21 |
--------------

Salió el número 62
Cartón del jugador: 1

--------------
00 00 00 00 00 |
00 00 64 00 00 |
00 00 00 59 53 |
--------------

Cartón del jugador: 2

--------------
00 00 00 00 00 |
00 00 37 00 00 |
20 00 00 00 21 |
--------------

Salió el número 49
Cartón del jugador: 1

--------------
00 00 00 00 00 |
00 00 64 00 00 |
00 00 00 59 53 |
--------------

Cartón del jugador: 2

--------------
00 00 00 00 00 |
00 00 37 00 00 |
20 00 00 00 21 |
--------------

Salió el número 75
Cartón del jugador: 1

--------------
00 00 00 00 00 |
00 00 64 00 00 |
00 00 00 59 53 |
--------------

Cartón del jugador: 2

--------------
00 00 00 00 00 |
00 00 37 00 00 |
20 00 00 00 21 |
--------------

Salió el número 21
Cartón del jugador: 1

--------------
00 00 00 00 00 |
00 00 64 00 00 |
00 00 00 59 53 |
--------------

Cartón del jugador: 2

--------------
00 00 00 00 00 |
00 00 37 00 00 |
20 00 00 00 00 |
--------------

Salió el número 37
Cartón del jugador: 1

--------------
00 00 00 00 00 |
00 00 64 00 00 |
00 00 00 59 53 |
--------------

Cartón del jugador: 2

--------------
00 00 00 00 00 |
00 00 00 00 00 |
20 00 00 00 00 |
--------------

Salió el número 20
Cartón del jugador: 1

--------------
00 00 00 00 00 |
00 00 64 00 00 |
00 00 00 59 53 |
--------------

Cartón del jugador: 2

--------------
00 00 00 00 00 |
00 00 00 00 00 |
00 00 00 00 00 |
--------------

Salió el número 53
Cartón del jugador: 1

--------------
00 00 00 00 00 |
00 00 64 00 00 |
00 00 00 59 00 |
--------------

Cartón del jugador: 2

--------------
00 00 00 00 00 |
00 00 00 00 00 |
00 00 00 00 00 |
--------------

Salió el número 64
Cartón del jugador: 1

--------------
00 00 00 00 00 |
00 00 00 00 00 |
00 00 00 59 00 |
--------------

Cartón del jugador: 2

--------------
00 00 00 00 00 |
00 00 00 00 00 |
00 00 00 00 00 |
--------------

Salió el número 63
Cartón del jugador: 1

--------------
00 00 00 00 00 |
00 00 00 00 00 |
00 00 00 59 00 |
--------------

Cartón del jugador: 2

--------------
00 00 00 00 00 |
00 00 00 00 00 |
00 00 00 00 00 |
--------------

Salió el número 38
Cartón del jugador: 1

--------------
00 00 00 00 00 |
00 00 00 00 00 |
00 00 00 59 00 |
--------------

Cartón del jugador: 2

--------------
00 00 00 00 00 |
00 00 00 00 00 |
00 00 00 00 00 |
--------------

Salió el número 6
Cartón del jugador: 1

--------------
00 00 00 00 00 |
00 00 00 00 00 |
00 00 00 59 00 |
--------------

Cartón del jugador: 2

--------------
00 00 00 00 00 |
00 00 00 00 00 |
00 00 00 00 00 |
--------------

Salió el número 11
Cartón del jugador: 1

--------------
00 00 00 00 00 |
00 00 00 00 00 |
00 00 00 59 00 |
--------------

Cartón del jugador: 2

--------------
00 00 00 00 00 |
00 00 00 00 00 |
00 00 00 00 00 |
--------------

Salió el número 59
Cartón del jugador: 1

--------------
00 00 00 00 00 |
00 00 00 00 00 |
00 00 00 00 00 |
--------------

Cartón del jugador: 2

--------------
00 00 00 00 00 |
00 00 00 00 00 |
00 00 00 00 00 |
--------------

Salió el número 31
Cartón del jugador: 1

--------------
00 00 00 00 00 |
00 00 00 00 00 |
00 00 00 00 00 |
--------------

Cartón del jugador: 2

--------------
00 00 00 00 00 |
00 00 00 00 00 |
00 